   6.6563763e+02   5.3200040e+02
   6.6548623e+02   5.7789555e+02
   6.7155546e+02   6.2340017e+02
   6.8358070e+02   6.6730594e+02
   7.0065785e+02   7.0975631e+02
   7.2175233e+02   7.5031750e+02
   7.5004829e+02   7.8647341e+02
   7.7773499e+02   8.1170000e+02
   8.1160093e+02   8.3620340e+02
   8.4817411e+02   8.5638985e+02
   8.8562546e+02   8.6941446e+02
   9.2313660e+02   8.7554897e+02
   9.5843438e+02   8.7568427e+02
   9.9794685e+02   8.6809605e+02
   1.0338470e+03   8.6007252e+02
   1.0669176e+03   8.3832642e+02
   1.0956572e+03   8.0175934e+02
   1.1198841e+03   7.6466281e+02
   1.1382595e+03   7.2146586e+02
   1.1496343e+03   6.7277912e+02
   1.1551741e+03   6.2839307e+02
   1.1507824e+03   5.7868784e+02
   1.1386525e+03   5.2405455e+02
   1.1181515e+03   4.7226704e+02
   1.0916690e+03   4.2468121e+02
   1.0590220e+03   3.8396086e+02
   1.0199793e+03   3.4993105e+02
   9.7926684e+02   3.2401471e+02
   9.3384790e+02   3.0685813e+02
   8.8788221e+02   3.0153425e+02
   8.4333801e+02   3.0551620e+02
   7.9453905e+02   3.2138650e+02
   7.5658571e+02   3.4369935e+02
   7.2634993e+02   3.7385062e+02
   7.0262018e+02   4.0897181e+02
   6.8337756e+02   4.4958762e+02
   6.7205313e+02   4.9205749e+02
   6.6629251e+02   5.3674577e+02
   6.6635697e+02   5.8275287e+02
   6.7252216e+02   6.2856564e+02
   6.8528613e+02   6.7201569e+02
   7.0320741e+02   7.1373951e+02
   7.2512589e+02   7.5481768e+02
   7.5378258e+02   7.8969273e+02
   7.8218463e+02   8.1414488e+02
   8.1614326e+02   8.3814326e+02
   8.5232694e+02   8.5761907e+02
   8.9027066e+02   8.7055872e+02
   9.2718087e+02   8.7556786e+02
   9.6298936e+02   8.7441790e+02
   1.0025678e+03   8.7255122e+02
   1.0370326e+03   8.5757938e+02
   1.0708799e+03   8.3522380e+02
   1.0985523e+03   8.0388752e+02
   1.1219852e+03   7.6031613e+02
   1.1400668e+03   7.1637180e+02
   1.1502531e+03   6.6800553e+02
   1.1531929e+03   6.1654002e+02
   1.1500003e+03   5.7351513e+02
   1.1378621e+03   5.1942329e+02
   1.1163344e+03   4.6772826e+02
   1.0899164e+03   4.2110331e+02
   1.0560407e+03   3.8007581e+02
   1.0172926e+03   3.4719233e+02
   9.7538277e+02   3.2215379e+02
   9.2900895e+02   3.0583338e+02
   8.8356284e+02   3.0132532e+02
   8.3877933e+02   3.0631161e+02
   7.9009466e+02   3.2321900e+02
   7.5403406e+02   3.4648280e+02
   7.2412900e+02   3.7688928e+02
   7.0116218e+02   4.1208755e+02
   6.8256736e+02   4.5341686e+02
   6.7120426e+02   4.9604836e+02
   6.6636718e+02   5.4146157e+02
   6.6725568e+02   5.8731805e+02
   6.7423975e+02   6.3245732e+02
   6.8730732e+02   6.7643429e+02
   7.0527400e+02   7.1827320e+02
   7.2844989e+02   7.5900038e+02
   7.5697981e+02   7.9336379e+02
   7.8566816e+02   8.1677086e+02
   8.1977016e+02   8.4027709e+02
   8.5679124e+02   8.5909787e+02
   8.9436097e+02   8.7094909e+02
   9.3166386e+02   8.7575936e+02
   9.6916306e+02   8.7808112e+02
   1.0062080e+03   8.7076636e+02
   1.0418253e+03   8.5595402e+02
   1.0742064e+03   8.3162804e+02
   1.1016057e+03   7.9404333e+02
   1.1243040e+03   7.5655388e+02
   1.1415738e+03   7.1089212e+02
   1.1515557e+03   6.6288959e+02
   1.1550925e+03   6.1783133e+02
   1.1492244e+03   5.6687641e+02
   1.1354215e+03   5.1256429e+02
   1.1134924e+03   4.6098975e+02
   1.0859393e+03   4.1548217e+02
   1.0516910e+03   3.7517093e+02
   1.0117664e+03   3.4276463e+02
   9.7013226e+02   3.1924291e+02
   9.2379240e+02   3.0435792e+02
   8.7807822e+02   3.0109988e+02
   8.3264295e+02   3.0751481e+02
