   8.3049221e+02   3.8046495e+02
   7.9961718e+02   4.0704869e+02
   7.7284327e+02   4.4087038e+02
   7.5093613e+02   4.7374595e+02
   7.3662601e+02   5.0802610e+02
   7.2584284e+02   5.4210448e+02
   7.2211253e+02   5.7746161e+02
   7.2727756e+02   6.1121691e+02
   7.3916770e+02   6.4179627e+02
   7.5785640e+02   6.6905569e+02
   7.8446799e+02   6.9169703e+02
   8.1777037e+02   7.1128474e+02
   8.5575560e+02   7.2178444e+02
   8.9719435e+02   7.2513717e+02
   9.4246454e+02   7.2146087e+02
   9.9097070e+02   7.1011227e+02
   1.0364589e+03   6.9452952e+02
   1.0819057e+03   6.7068791e+02
   1.1247215e+03   6.4267837e+02
   1.1600520e+03   6.0333198e+02
   1.1923924e+03   5.7356699e+02
   1.2176194e+03   5.3458006e+02
   1.2341252e+03   4.9521324e+02
   1.2416829e+03   4.5500556e+02
   1.2394815e+03   4.1777468e+02
   1.2303568e+03   3.8916185e+02
   1.2147549e+03   3.6156820e+02
   1.1927863e+03   3.3696942e+02
   1.1651321e+03   3.1713901e+02
   1.1330275e+03   3.0356583e+02
   1.0975114e+03   2.9599069e+02
   1.0585805e+03   2.9351803e+02
   1.0162258e+03   2.9710976e+02
   9.7424424e+02   3.0471353e+02
   9.3356965e+02   3.1817556e+02
   8.9249797e+02   3.3802231e+02
   8.5746596e+02   3.5967842e+02
   8.2496434e+02   3.8497167e+02
   7.9378003e+02   4.1511804e+02
   7.6796789e+02   4.4663171e+02
   7.4827919e+02   4.8019990e+02
   7.3338736e+02   5.1441758e+02
   7.2395059e+02   5.4943472e+02
   7.2294881e+02   5.8364729e+02
   7.2841042e+02   6.1629013e+02
   7.4180203e+02   6.4689025e+02
   7.6200000e+02   6.7397317e+02
   7.8979553e+02   6.9587206e+02
   8.2413070e+02   7.1399111e+02
   8.6323949e+02   7.2243659e+02
   9.0385124e+02   7.2546137e+02
   9.5170265e+02   7.1960537e+02
   1.0000689e+03   7.0713289e+02
   1.0462922e+03   6.8974420e+02
   1.0910208e+03   6.6566561e+02
   1.1319369e+03   6.3616526e+02
   1.1693661e+03   6.0177168e+02
   1.1980046e+03   5.6677781e+02
   1.2213326e+03   5.2628498e+02
   1.2361888e+03   4.8417551e+02
   1.2415291e+03   4.4607018e+02
   1.2378415e+03   4.1238355e+02
   1.2277009e+03   3.8331888e+02
   1.2108524e+03   3.5613076e+02
   1.1876206e+03   3.3199560e+02
   1.1587333e+03   3.1401404e+02
   1.1258263e+03   3.0175952e+02
   1.0895219e+03   2.9458019e+02
   1.0503816e+03   2.9380018e+02
   1.0075890e+03   2.9904185e+02
   9.6664342e+02   3.0678938e+02
   9.2470667e+02   3.2168213e+02
   8.8534169e+02   3.4154680e+02
   8.4995573e+02   3.6454648e+02
   8.1817938e+02   3.9023741e+02
   7.8845030e+02   4.2227485e+02
   7.6351458e+02   4.5421503e+02
   7.4440676e+02   4.8741971e+02
   7.3076082e+02   5.2183490e+02
   7.2333256e+02   5.5826596e+02
   7.2333408e+02   5.9223314e+02
   7.3149281e+02   6.2458344e+02
   7.4625779e+02   6.5404168e+02
   7.6928380e+02   6.7972369e+02
   7.9874895e+02   6.9946757e+02
   8.3419869e+02   7.1736019e+02
   8.7264016e+02   7.2441562e+02
   9.1468526e+02   7.2476751e+02
   9.6445232e+02   7.1662829e+02
   1.0126557e+03   7.0335806e+02
   1.0586144e+03   6.8444370e+02
   1.1030497e+03   6.5841543e+02
   1.1435514e+03   6.2745113e+02
   1.1774762e+03   5.9221223e+02
   1.2052353e+03   5.5605146e+02
   1.2265692e+03   5.1600994e+02
   1.2399127e+03   4.7502089e+02
   1.2416553e+03   4.3713064e+02
   1.2343894e+03   3.9851027e+02
   1.2242212e+03   3.7496582e+02
   1.2041831e+03   3.4953138e+02
   1.1798890e+03   3.2617262e+02
   1.1495854e+03   3.0993281e+02
   1.1158187e+03   2.9907176e+02
   1.0792431e+03   2.9323358e+02
