   5.7325568e+02   5.5574525e+02
   5.7335714e+02   6.1576735e+02
   5.8320660e+02   6.7460768e+02
   6.0438036e+02   7.3129035e+02
   6.3426626e+02   7.8171299e+02
   6.7242502e+02   8.3055399e+02
   7.1835163e+02   8.6736634e+02
   7.6800924e+02   8.9510178e+02
   8.2102442e+02   9.1502160e+02
   8.7760081e+02   9.2597115e+02
   9.3334621e+02   9.2779416e+02
   9.8587989e+02   9.2307996e+02
   1.0358596e+03   9.1119651e+02
   1.0864927e+03   8.9132142e+02
   1.1323999e+03   8.6206765e+02
   1.1734011e+03   8.2730689e+02
   1.2094203e+03   7.8445768e+02
   1.2382424e+03   7.3633616e+02
   1.2585114e+03   6.8352416e+02
   1.2703353e+03   6.2776230e+02
   1.2722749e+03   5.6994672e+02
   1.2637798e+03   5.0887134e+02
   1.2456311e+03   4.5276384e+02
   1.2199887e+03   4.0352178e+02
   1.1839680e+03   3.5679993e+02
   1.1403408e+03   3.1505639e+02
   1.0906623e+03   2.8022523e+02
   1.0340036e+03   2.5582550e+02
   9.7368779e+02   2.4135541e+02
   9.1034960e+02   2.3785756e+02
   8.4305093e+02   2.4676474e+02
   7.7538786e+02   2.6872064e+02
   7.1967649e+02   3.0046594e+02
   6.7165164e+02   3.4301396e+02
   6.3223939e+02   3.8988297e+02
   6.0257566e+02   4.4375472e+02
   5.8204147e+02   5.0235064e+02
   5.7257318e+02   5.6231330e+02
   5.7392071e+02   6.2194696e+02
   5.8458850e+02   6.8106802e+02
   6.0675912e+02   7.3724636e+02
   6.3782706e+02   7.8731672e+02
   6.7697839e+02   8.3365275e+02
   7.2340718e+02   8.7090970e+02
   7.7242972e+02   8.9841886e+02
   8.2707382e+02   9.1637770e+02
   8.8321168e+02   9.2648192e+02
   9.3961629e+02   9.2765818e+02
   9.9002886e+02   9.2141907e+02
   1.0411392e+03   9.0947329e+02
   1.0914162e+03   8.8874754e+02
   1.1359028e+03   8.6042965e+02
   1.1776058e+03   8.2236680e+02
   1.2127780e+03   7.7961965e+02
   1.2404093e+03   7.3028249e+02
   1.2596778e+03   6.7768878e+02
   1.2709649e+03   6.2141452e+02
   1.2717455e+03   5.6350467e+02
   1.2625237e+03   5.0228643e+02
   1.2434799e+03   4.4890299e+02
   1.2183246e+03   4.0076671e+02
   1.1802911e+03   3.5236195e+02
   1.1360492e+03   3.1170404e+02
   1.0850201e+03   2.7735775e+02
   1.0287280e+03   2.5410669e+02
   9.6705146e+02   2.4040794e+02
   9.0335955e+02   2.3838584e+02
   8.3469803e+02   2.4911192e+02
   7.6956573e+02   2.7234737e+02
   7.1424628e+02   3.0500258e+02
   6.6733606e+02   3.4748382e+02
   6.2901416e+02   3.9489100e+02
   6.0013846e+02   4.4994887e+02
   5.8081278e+02   5.0870004e+02
   5.7216038e+02   5.6834377e+02
   5.7459351e+02   6.2817657e+02
   5.8674569e+02   6.8726873e+02
   6.1083963e+02   7.4248449e+02
   6.4162126e+02   7.9251570e+02
   6.8235004e+02   8.3841064e+02
   7.2887030e+02   8.7342656e+02
   7.7884406e+02   9.0042121e+02
   8.3276254e+02   9.1792593e+02
   8.8876562e+02   9.2728511e+02
   9.4596868e+02   9.2754223e+02
   9.9543453e+02   9.2137432e+02
   1.0474469e+03   9.0672149e+02
   1.0967469e+03   8.8590798e+02
   1.1409619e+03   8.5570935e+02
   1.1816923e+03   8.1780370e+02
   1.2163971e+03   7.7505392e+02
   1.2435055e+03   7.2532660e+02
   1.2618905e+03   6.7223518e+02
   1.2709787e+03   6.1547346e+02
   1.2711349e+03   5.5713780e+02
   1.2609334e+03   4.9539518e+02
   1.2412811e+03   4.4355837e+02
   1.2133464e+03   3.9367419e+02
   1.1756540e+03   3.4686900e+02
   1.1306130e+03   3.0686227e+02
   1.0786529e+03   2.7446883e+02
   1.0213545e+03   2.5224389e+02
   9.5990978e+02   2.3965804e+02
   8.9560624e+02   2.3896838e+02
   8.2604570e+02   2.5117128e+02
