   6.8850870e+02   3.5675050e+02
   6.5739257e+02   3.8453884e+02
   6.3241174e+02   4.1684501e+02
   6.1445799e+02   4.5236284e+02
   6.0627150e+02   4.9103171e+02
   6.0724862e+02   5.3005711e+02
   6.1991364e+02   5.6857100e+02
   6.4046433e+02   6.0387162e+02
   6.7121726e+02   6.4192396e+02
   7.1497086e+02   6.7311421e+02
   7.6275788e+02   6.9444208e+02
   8.1598952e+02   7.1348795e+02
   8.7705510e+02   7.2397412e+02
   9.3606737e+02   7.2538800e+02
   9.9253944e+02   7.2081161e+02
   1.0497770e+03   7.0972038e+02
   1.1006115e+03   6.9156587e+02
   1.1444850e+03   6.6909258e+02
   1.1831358e+03   6.3684789e+02
   1.2104548e+03   6.0360393e+02
   1.2295680e+03   5.6754496e+02
   1.2391059e+03   5.3019147e+02
   1.2397664e+03   4.8911681e+02
   1.2318571e+03   4.5303659e+02
   1.2163956e+03   4.2254465e+02
   1.1928880e+03   3.9163396e+02
   1.1638108e+03   3.6331402e+02
   1.1289138e+03   3.3889865e+02
   1.0895275e+03   3.1768838e+02
   1.0464744e+03   3.0099597e+02
   9.9965462e+02   2.8983671e+02
   9.5253547e+02   2.8385138e+02
   9.0349520e+02   2.8313247e+02
   8.5093438e+02   2.8784889e+02
   8.0400175e+02   2.9888986e+02
   7.5982686e+02   3.1499539e+02
   7.1817520e+02   3.3642169e+02
   6.8212121e+02   3.6184905e+02
   6.5279795e+02   3.8960665e+02
   6.2862577e+02   4.2250037e+02
   6.1176455e+02   4.5875960e+02
   6.0560953e+02   4.9816572e+02
   6.0995196e+02   5.3740837e+02
   6.2272555e+02   5.7514167e+02
   6.4548156e+02   6.1074888e+02
   6.7844992e+02   6.4883094e+02
   7.2364026e+02   6.7797158e+02
   7.7108735e+02   6.9837796e+02
   8.2643205e+02   7.1659299e+02
   8.8803743e+02   7.2442717e+02
   9.4730230e+02   7.2423251e+02
   1.0009879e+03   7.1919421e+02
   1.0592001e+03   7.0775964e+02
   1.1090850e+03   6.8820650e+02
   1.1529565e+03   6.6316982e+02
   1.1898930e+03   6.3054809e+02
   1.2153779e+03   5.9605098e+02
   1.2321237e+03   5.5939765e+02
   1.2401907e+03   5.2235729e+02
   1.2378865e+03   4.8187654e+02
   1.2280446e+03   4.4632032e+02
   1.2116807e+03   4.1611417e+02
   1.1872375e+03   3.8493534e+02
   1.1563690e+03   3.5775451e+02
   1.1214011e+03   3.3447333e+02
   1.0804774e+03   3.1469865e+02
   1.0373176e+03   2.9793032e+02
   9.8982159e+02   2.8819102e+02
   9.4272116e+02   2.8226585e+02
   8.9272066e+02   2.8385264e+02
   8.4015650e+02   2.8993174e+02
   7.9424973e+02   3.0138819e+02
   7.5107915e+02   3.1854772e+02
   7.1018115e+02   3.4252965e+02
   6.7527054e+02   3.6753410e+02
   6.4668251e+02   3.9693398e+02
   6.2341300e+02   4.3004721e+02
   6.0967726e+02   4.6784062e+02
   6.0525000e+02   5.0697245e+02
   6.1216569e+02   5.4657752e+02
   6.2732989e+02   5.8394961e+02
   6.5160807e+02   6.1819178e+02
   6.8842832e+02   6.5688562e+02
   7.3512125e+02   6.8567708e+02
   7.8404562e+02   7.0332832e+02
   8.4164353e+02   7.1938794e+02
   9.0343625e+02   7.2581058e+02
   9.6150823e+02   7.2394063e+02
   1.0153496e+03   7.1784537e+02
   1.0725914e+03   7.0341965e+02
   1.1205949e+03   6.8286219e+02
   1.1635057e+03   6.5509637e+02
   1.1966406e+03   6.2232448e+02
   1.2207764e+03   5.8672787e+02
   1.2353196e+03   5.5002733e+02
   1.2407499e+03   5.1219451e+02
   1.2362946e+03   4.7119907e+02
   1.2246305e+03   4.3917236e+02
   1.2061571e+03   4.0717757e+02
   1.1791897e+03   3.7669782e+02
   1.1466624e+03   3.5043223e+02
   1.1094813e+03   3.2811516e+02
   1.0688733e+03   3.0912848e+02
   1.0234235e+03   2.9475996e+02
   9.7664820e+02   2.8608174e+02
